#NOTE: MSDs should be divided by the temperature.
#NOTE: MSDs have been divided by 2 or 10 (i.e., the viscosity computed from all components).
#Time	MSD_xx	MSD_yy	MSD_zz	MSD_xy	MSD_xz	MSD_yz	MSD_off	MSD_all	MSD_bulkvisc
 10 1.02473e+09 1.01936e+09 1.02196e+09 1.02265e+09 1.01764e+09 1.02391e+09 1.0214e+09 1.02165e+09 1.1612e+09
 20 3.27326e+09 3.2556e+09 3.26611e+09 3.2663e+09 3.24525e+09 3.27265e+09 3.2614e+09 3.26284e+09 4.32165e+09
 30 6.80221e+09 6.76405e+09 6.78662e+09 6.78783e+09 6.74165e+09 6.80032e+09 6.7766e+09 6.77968e+09 9.31117e+09
 40 1.11138e+10 1.10486e+10 1.10853e+10 1.10908e+10 1.1011e+10 1.11078e+10 1.10699e+10 1.10749e+10 1.57853e+10
 50 1.58097e+10 1.57153e+10 1.57672e+10 1.57816e+10 1.56598e+10 1.57991e+10 1.57469e+10 1.57537e+10 2.3457e+10
 60 2.10493e+10 2.09211e+10 2.09877e+10 2.10192e+10 2.0849e+10 2.10312e+10 2.09664e+10 2.09743e+10 3.22094e+10
 70 2.62613e+10 2.61008e+10 2.61808e+10 2.62348e+10 2.60103e+10 2.62375e+10 2.61608e+10 2.61689e+10 4.16985e+10
 80 3.18143e+10 3.16226e+10 3.17122e+10 3.17971e+10 3.15148e+10 3.17878e+10 3.16999e+10 3.17065e+10 5.18763e+10
 90 3.73841e+10 3.71641e+10 3.72572e+10 3.73795e+10 3.70379e+10 3.736e+10 3.72591e+10 3.72628e+10 6.24686e+10
 100 4.31292e+10 4.28865e+10 4.2977e+10 4.31424e+10 4.27428e+10 4.31178e+10 4.3001e+10 4.29996e+10 7.33894e+10
 110 4.91328e+10 4.88684e+10 4.89506e+10 4.91659e+10 4.87095e+10 4.91418e+10 4.90057e+10 4.8997e+10 8.45479e+10
 120 5.52384e+10 5.49548e+10 5.50257e+10 5.5294e+10 5.47821e+10 5.52771e+10 5.51177e+10 5.50998e+10 9.58018e+10
 130 6.17441e+10 6.14386e+10 6.14977e+10 6.1824e+10 6.1256e+10 6.18192e+10 6.16331e+10 6.16039e+10 1.07192e+11
 140 6.83724e+10 6.80412e+10 6.80888e+10 6.84749e+10 6.78502e+10 6.8488e+10 6.8271e+10 6.82296e+10 1.18577e+11
 150 7.53348e+10 7.49743e+10 7.50119e+10 7.54604e+10 7.47768e+10 7.54959e+10 7.52444e+10 7.51894e+10 1.30013e+11
 160 8.24823e+10 8.20856e+10 8.21146e+10 8.2628e+10 8.18826e+10 8.26909e+10 8.24005e+10 8.23313e+10 1.41439e+11
 170 8.98009e+10 8.93657e+10 8.93876e+10 8.99664e+10 8.91557e+10 9.00615e+10 8.97278e+10 8.96439e+10 1.52859e+11
 180 9.73613e+10 9.68816e+10 9.68997e+10 9.7546e+10 9.66633e+10 9.76767e+10 9.72953e+10 9.71962e+10 1.64304e+11
 190 1.04997e+11 1.04471e+11 1.04487e+11 1.05202e+11 1.04241e+11 1.0537e+11 1.04937e+11 1.04823e+11 1.75731e+11
 200 1.1289e+11 1.12313e+11 1.12333e+11 1.13119e+11 1.1207e+11 1.13322e+11 1.12837e+11 1.12707e+11 1.87216e+11
 210 1.2089e+11 1.2026e+11 1.20287e+11 1.21149e+11 1.20004e+11 1.21383e+11 1.20845e+11 1.20699e+11 1.9872e+11
 220 1.29117e+11 1.28434e+11 1.28473e+11 1.29415e+11 1.28165e+11 1.29673e+11 1.29084e+11 1.2892e+11 2.10298e+11
 230 1.37546e+11 1.36807e+11 1.36863e+11 1.37891e+11 1.36528e+11 1.38167e+11 1.37528e+11 1.37346e+11 2.21954e+11
 240 1.46156e+11 1.45362e+11 1.45439e+11 1.46556e+11 1.45076e+11 1.46843e+11 1.46158e+11 1.45956e+11 2.33699e+11
 250 1.55026e+11 1.54174e+11 1.5428e+11 1.55491e+11 1.53883e+11 1.55781e+11 1.55052e+11 1.54828e+11 2.45572e+11
 250 1.54563e+11 1.53973e+11 1.54485e+11 1.55296e+11 1.53913e+11 1.56037e+11 1.55082e+11 1.54785e+11 2.44963e+11
 500 4.2201e+11 4.19832e+11 4.21626e+11 4.26218e+11 4.18694e+11 4.277e+11 4.24204e+11 4.22985e+11 5.93207e+11
 750 7.58302e+11 7.56142e+11 7.57544e+11 7.68042e+11 7.49668e+11 7.69791e+11 7.62501e+11 7.60432e+11 1.03227e+12
 1000 1.14884e+12 1.14965e+12 1.14547e+12 1.16661e+12 1.1327e+12 1.16867e+12 1.15599e+12 1.15279e+12 1.54377e+12
 1250 1.58242e+12 1.58835e+12 1.57498e+12 1.61024e+12 1.5552e+12 1.61157e+12 1.59233e+12 1.58817e+12 2.11121e+12
 1500 2.05277e+12 2.06491e+12 2.04144e+12 2.09249e+12 2.01119e+12 2.09155e+12 2.06507e+12 2.06026e+12 2.73018e+12
 1750 2.55534e+12 2.57286e+12 2.53778e+12 2.60468e+12 2.49426e+12 2.60117e+12 2.5667e+12 2.56215e+12 3.3955e+12
 2000 3.08382e+12 3.10831e+12 3.06087e+12 3.14394e+12 3.00017e+12 3.1356e+12 3.09324e+12 3.08967e+12 4.09909e+12
 2250 3.63401e+12 3.66565e+12 3.60793e+12 3.70528e+12 3.52475e+12 3.69176e+12 3.6406e+12 3.63871e+12 4.83654e+12
 2500 4.20344e+12 4.24271e+12 4.17585e+12 4.28725e+12 4.06652e+12 4.26788e+12 4.20722e+12 4.20726e+12 5.60831e+12
 2750 4.78874e+12 4.83753e+12 4.76102e+12 4.88831e+12 4.62278e+12 4.86236e+12 4.79115e+12 4.793e+12 6.40645e+12
 3000 5.38866e+12 5.44767e+12 5.3605e+12 5.50386e+12 5.19061e+12 5.47091e+12 5.38846e+12 5.39265e+12 7.22929e+12
 3250 6.00235e+12 6.0705e+12 5.97037e+12 6.13279e+12 5.76701e+12 6.09182e+12 5.99721e+12 6.00409e+12 8.0788e+12
 3500 6.62879e+12 6.70591e+12 6.59026e+12 6.77513e+12 6.35159e+12 6.72365e+12 6.61679e+12 6.62674e+12 8.94647e+12
 3750 7.26562e+12 7.35245e+12 7.21891e+12 7.4279e+12 6.9417e+12 7.36564e+12 7.24508e+12 7.25864e+12 9.8301e+12
 4000 7.91428e+12 8.0078e+12 7.85314e+12 8.08958e+12 7.53916e+12 8.01811e+12 7.88228e+12 7.8994e+12 1.07238e+13
 4250 8.57273e+12 8.67005e+12 8.49259e+12 8.76031e+12 8.14054e+12 8.67833e+12 8.52639e+12 8.54722e+12 1.163e+13
 4500 9.23994e+12 9.33764e+12 9.13754e+12 9.43851e+12 8.74759e+12 9.34585e+12 9.17732e+12 9.20174e+12 1.25483e+13
 4750 9.91678e+12 1.00117e+13 9.78766e+12 1.01223e+13 9.36089e+12 1.00202e+13 9.83446e+12 9.86283e+12 1.34773e+13
 5000 1.06006e+13 1.06926e+13 1.04429e+13 1.08149e+13 9.98049e+12 1.0701e+13 1.04988e+13 1.05308e+13 1.4422e+13
 5250 1.12916e+13 1.138e+13 1.11017e+13 1.15135e+13 1.06056e+13 1.13873e+13 1.11688e+13 1.12044e+13 1.5381e+13
 5500 1.19887e+13 1.20727e+13 1.1762e+13 1.22172e+13 1.12353e+13 1.20754e+13 1.18426e+13 1.1882e+13 1.63532e+13
 5750 1.26891e+13 1.27686e+13 1.24235e+13 1.29251e+13 1.18696e+13 1.27631e+13 1.25193e+13 1.25624e+13 1.7335e+13
 6000 1.33929e+13 1.34678e+13 1.30873e+13 1.36371e+13 1.25081e+13 1.3452e+13 1.31991e+13 1.32458e+13 1.83255e+13
 6250 1.41012e+13 1.41711e+13 1.37532e+13 1.43537e+13 1.31497e+13 1.4144e+13 1.38825e+13 1.39329e+13 1.93259e+13
 6250 1.3953e+13 1.40752e+13 1.35151e+13 1.42621e+13 1.33018e+13 1.4306e+13 1.39566e+13 1.39131e+13 1.91999e+13
 12500 3.21755e+13 3.20484e+13 3.05328e+13 3.27203e+13 2.97342e+13 3.22518e+13 3.15688e+13 3.15755e+13 4.5687e+13
 18750 5.07195e+13 4.92942e+13 4.71e+13 5.10541e+13 4.62519e+13 5.1419e+13 4.9575e+13 4.93602e+13 7.29604e+13
 25000 6.98462e+13 6.70309e+13 6.3948e+13 6.85557e+13 6.30733e+13 7.13829e+13 6.76706e+13 6.7379e+13 1.00302e+14
 31250 8.94135e+13 8.39298e+13 8.07673e+13 8.54957e+13 8.00041e+13 9.15439e+13 8.56812e+13 8.52901e+13 1.28208e+14
 37500 1.08868e+14 1.00943e+14 9.81578e+13 1.02356e+14 9.68347e+13 1.11896e+14 1.03696e+14 1.0328e+14 1.55586e+14
 43750 1.29295e+14 1.18558e+14 1.16435e+14 1.19227e+14 1.13178e+14 1.32021e+14 1.21475e+14 1.21457e+14 1.82424e+14
 50000 1.49894e+14 1.35178e+14 1.34572e+14 1.35524e+14 1.29236e+14 1.51918e+14 1.38893e+14 1.39288e+14 2.07326e+14
 56250 1.71182e+14 1.52015e+14 1.53285e+14 1.51524e+14 1.45861e+14 1.71535e+14 1.56307e+14 1.57315e+14 2.32736e+14
 62500 1.93494e+14 1.69518e+14 1.72655e+14 1.67357e+14 1.63262e+14 1.91891e+14 1.7417e+14 1.75924e+14 2.58049e+14
 68750 2.16161e+14 1.8688e+14 1.90859e+14 1.84337e+14 1.8136e+14 2.13044e+14 1.92914e+14 1.94935e+14 2.81474e+14
 75000 2.38837e+14 2.04361e+14 2.08964e+14 2.02867e+14 1.99467e+14 2.34357e+14 2.1223e+14 2.14293e+14 3.03748e+14
 81250 2.62716e+14 2.22541e+14 2.28527e+14 2.21909e+14 2.17514e+14 2.55426e+14 2.31616e+14 2.34141e+14 3.26575e+14
 87500 2.86238e+14 2.40877e+14 2.48089e+14 2.40425e+14 2.35207e+14 2.76715e+14 2.50782e+14 2.5383e+14 3.49263e+14
 93750 3.1005e+14 2.59334e+14 2.66535e+14 2.59104e+14 2.52542e+14 2.98019e+14 2.69889e+14 2.73389e+14 3.72422e+14
 100000 3.34429e+14 2.78663e+14 2.8412e+14 2.77017e+14 2.69505e+14 3.18894e+14 2.88472e+14 2.92712e+14 3.95965e+14
 106250 3.58639e+14 2.98574e+14 2.99705e+14 2.95358e+14 2.8555e+14 3.3956e+14 3.06823e+14 3.11683e+14 4.19895e+14
 112500 3.82615e+14 3.18824e+14 3.14314e+14 3.14452e+14 3.01552e+14 3.59551e+14 3.25185e+14 3.30545e+14 4.43282e+14
 118750 4.07125e+14 3.39675e+14 3.29128e+14 3.33142e+14 3.17161e+14 3.79356e+14 3.4322e+14 3.49389e+14 4.65293e+14
 125000 4.32291e+14 3.61204e+14 3.42809e+14 3.52441e+14 3.33782e+14 3.99004e+14 3.61742e+14 3.68552e+14 4.87365e+14
 131250 4.584e+14 3.82802e+14 3.57185e+14 3.7155e+14 3.50993e+14 4.18503e+14 3.80349e+14 3.87994e+14 5.12904e+14
 137500 4.84204e+14 4.04127e+14 3.71086e+14 3.90022e+14 3.67959e+14 4.38312e+14 3.98764e+14 4.07181e+14 5.37927e+14
 143750 5.1076e+14 4.25115e+14 3.83902e+14 4.08071e+14 3.859e+14 4.58757e+14 4.17576e+14 4.26516e+14 5.61928e+14
 150000 5.38708e+14 4.46209e+14 3.96794e+14 4.25627e+14 4.04844e+14 4.77624e+14 4.36032e+14 4.45847e+14 5.87373e+14
 156250 5.66962e+14 4.66292e+14 4.09264e+14 4.43546e+14 4.24471e+14 4.96518e+14 4.54845e+14 4.65243e+14 6.14182e+14
 156250 5.0656e+14 4.78578e+14 4.0297e+14 5.22257e+14 4.18872e+14 5.49126e+14 4.96752e+14 4.83132e+14 6.30468e+14
 312500 1.26177e+15 9.78636e+14 6.82511e+14 8.98787e+14 1.02888e+15 1.16084e+15 1.0295e+15 1.00742e+15 1.36063e+15
 468750 2.18492e+15 1.57336e+15 1.11029e+15 1.24818e+15 1.45333e+15 1.96984e+15 1.55712e+15 1.58341e+15 2.29767e+15
 625000 3.23758e+15 2.06292e+15 1.56389e+15 1.67247e+15 1.8748e+15 2.71067e+15 2.08598e+15 2.16684e+15 3.35681e+15
 781250 4.43035e+15 2.7108e+15 1.98901e+15 1.97881e+15 2.14568e+15 3.41144e+15 2.51197e+15 2.72454e+15 4.2793e+15
 937500 5.57909e+15 3.41755e+15 2.44194e+15 2.20094e+15 2.34538e+15 3.93628e+15 2.82753e+15 3.22166e+15 5.27882e+15
 1.09375e+06 6.70157e+15 3.96811e+15 2.82837e+15 2.50617e+15 2.75945e+15 4.2337e+15 3.16644e+15 3.6996e+15 6.23633e+15
 1.25e+06 7.75678e+15 4.41398e+15 3.15506e+15 2.84199e+15 3.32805e+15 4.52226e+15 3.5641e+15 4.1819e+15 7.18699e+15
 1.40625e+06 8.72314e+15 4.82958e+15 3.29595e+15 3.09362e+15 3.83403e+15 4.87336e+15 3.93367e+15 4.60669e+15 8.06703e+15
 1.5625e+06 9.484e+15 5.1915e+15 3.50414e+15 3.30752e+15 4.32407e+15 5.22425e+15 4.28528e+15 4.99512e+15 8.87705e+15
 1.71875e+06 1.02267e+16 5.52462e+15 3.38757e+15 3.5602e+15 4.71694e+15 5.85679e+15 4.71131e+15 5.37863e+15 9.4551e+15
 1.875e+06 1.07853e+16 5.93539e+15 3.41391e+15 3.57284e+15 5.03476e+15 6.45098e+15 5.01953e+15 5.69633e+15 1.01327e+16
 2.03125e+06 1.12356e+16 6.3617e+15 3.50571e+15 3.78966e+15 5.45576e+15 6.96105e+15 5.40216e+15 6.05503e+15 1.0651e+16
 2.1875e+06 1.15438e+16 6.80703e+15 3.55949e+15 3.99746e+15 5.83514e+15 7.25673e+15 5.69645e+15 6.33924e+15 1.11278e+16
 2.34375e+06 1.18742e+16 7.17168e+15 3.48741e+15 4.42105e+15 6.29489e+15 7.63791e+15 6.11795e+15 6.67521e+15 1.17894e+16
 2.5e+06 1.18353e+16 7.65171e+15 3.58188e+15 4.78599e+15 6.78781e+15 7.79614e+15 6.45665e+15 6.94984e+15 1.25533e+16
 2.65625e+06 1.17453e+16 8.26591e+15 3.50604e+15 5.16141e+15 7.09667e+15 8.35824e+15 6.87211e+15 7.25889e+15 1.32183e+16
 2.8125e+06 1.17858e+16 8.91334e+15 3.55177e+15 5.60604e+15 7.57025e+15 9.29524e+15 7.49051e+15 7.72776e+15 1.37373e+16
 2.96875e+06 1.17545e+16 9.49145e+15 3.61605e+15 5.96693e+15 8.17669e+15 1.04619e+16 8.20186e+15 8.23605e+15 1.43147e+16
 3.125e+06 1.16372e+16 1.01527e+16 3.45876e+15 6.21619e+15 8.89204e+15 1.16187e+16 8.90897e+15 8.71188e+15 1.47002e+16
 3.28125e+06 1.20123e+16 1.091e+16 3.55124e+15 6.47914e+15 9.75548e+15 1.29173e+16 9.71731e+15 9.36019e+15 1.51822e+16
 3.4375e+06 1.24898e+16 1.18813e+16 3.62233e+15 6.69156e+15 1.07538e+16 1.411e+16 1.05184e+16 1.00435e+16 1.5417e+16
 3.59375e+06 1.31313e+16 1.26178e+16 3.40889e+15 6.87528e+15 1.18171e+16 1.49838e+16 1.12254e+16 1.0623e+16 1.61315e+16
 3.75e+06 1.36125e+16 1.34232e+16 3.33554e+15 6.95236e+15 1.30794e+16 1.56225e+16 1.18848e+16 1.11804e+16 1.65778e+16
 3.90625e+06 1.38976e+16 1.38897e+16 3.38473e+15 6.99828e+15 1.44391e+16 1.63043e+16 1.25806e+16 1.17046e+16 1.70338e+16
 3.90625e+06 1.02239e+16 1.02966e+16 1.21465e+16 7.12442e+15 2.34056e+15 2.28006e+16 1.07552e+16 1.08087e+16 4.40204e+15
 7.8125e+06 7.70249e+15 1.71552e+16 4.7848e+16 3.77584e+15 8.40867e+15 7.67386e+16 2.9641e+16 2.74787e+16 9.50668e+13
